6
1 77 40
2 49 67
3 30 72
4 49 67
5 31 16
6 30 72
7 49 67
8 49 67
9 30 72
10 -1 -1
1 2778 3000
2 16 2222
3 -14 -48
4 2810 7745
5 2000 323
6 111 93
7 709 28
8 151 31
9 34 22
10 -1 -1 
1 77 40
2 49 67
3 30 72
4 49 67
5 31 16
6 30 72
7 49 67
8 49 67
9 30 72
10 -1 -1
1 1222 1221
2 1546 1684
3 768 1039
4 823 1458
5 1717 1282
6 1746 958
7 1084 567
8 1616 1890
9 216 1938
10 1198 1000
11 -1 -1
1 293 245
2 -1 -1 
1 102 227
2 109 298
3 136 87
4 8 18
5 75 55
6 113 193
7 168 12
8 10 250
9 88 175
10 185 219
11 142 222
12 32 204
13 183 168
14 4 210
15 165 65
16 22 159
17 5 297
18 78 206
19 72 297
20 102 69
21 135 164
22 9 113
23 181 70
24 126 31
25 125 89
26 125 68
27 131 54
28 140 145
29 34 51
30 132 220
31 93 177
32 22 22
33 50 88
34 90 263
35 73 285
36 43 95
37 92 91
38 42 282
39 175 191
40 55 297
41 152 264
42 115 222
43 12 208
44 112 74
45 66 92
46 34 54
47 60 145
48 76 103
49 189 237
50 123 161
51 113 159
52 68 131
53 91 281
54 141 249
55 194 115
56 92 99
57 100 203
58 80 22
59 51 242
60 83 210
61 89 55
62 173 175
63 189 27
64 148 145
65 172 167
66 88 141
67 92 8
68 199 146
69 190 22
70 26 184
71 5 75
72 49 118
73 3 216
74 175 61
75 110 92
76 46 267
77 135 216
78 29 55
79 31 102
80 162 226
81 165 227
82 68 87
83 180 114
84 158 156
85 190 51
86 89 206
87 79 189
88 50 279
89 46 91
90 109 11
91 117 156
92 185 114
93 161 39
94 118 124
95 195 297
96 168 119
97 166 53
98 72 42
99 103 257
100 163 38
101 174 15
102 162 241
103 132 78
104 104 220
105 50 104
106 94 250
107 24 233
108 145 198
109 134 55
110 43 282
111 110 130
112 176 204
113 158 95
114 128 35
115 73 4
116 53 173
117 35 160
118 128 118
119 191 62
120 106 217
121 46 183
122 97 249
123 16 185
124 184 80
125 180 234
126 183 207
127 59 196
128 110 112
129 129 41
130 169 67
131 135 249
132 32 23
133 137 190
134 26 39
135 183 25
136 81 18
137 165 56
138 73 27
139 26 4
140 4 224
141 192 289
142 101 294
143 88 212
144 117 286
145 49 16
146 200 298
147 52 26
148 80 299
149 115 130
150 172 190
151 115 219
152 180 259
153 36 35
154 28 59
155 181 214
156 17 193
157 43 163
158 182 75
159 20 82
160 188 257
161 174 266
162 2 96
163 155 127
164 188 122
165 181 169
166 154 29
167 196 184
168 63 85
169 11 167
170 140 184
171 58 43
172 165 32
173 198 5
174 24 138
175 198 211
176 94 28
177 131 98
178 143 189
179 168 119
180 188 298
181 182 25
182 146 138
183 151 244
184 26 89
185 65 21
186 78 182
187 180 95
188 60 97
189 119 185
190 180 23
191 76 33
192 2 133
193 102 217
194 162 113
195 112 81
196 180 197
197 56 107
198 63 66
199 170 87
200 165 171
201 98 37
202 90 292
203 9 216
204 178 101
205 62 187
206 40 13
207 187 215
208 56 191
209 173 100
210 19 286
211 136 39
212 77 257
213 1 133
214 142 59
215 160 123
216 175 209
217 38 4
218 149 299
219 53 284
220 200 174
221 144 216
222 170 220
223 174 151
224 194 269
225 72 162
226 117 273
227 47 109
228 84 119
229 66 39
230 173 194
231 2 274
232 94 3
233 0 293
234 177 143
235 155 174
236 177 164
237 184 293
238 56 70
239 66 44
240 71 66
241 150 62
242 172 212
243 168 118
244 200 120
245 41 214
246 32 185
247 139 128
248 168 25
249 140 21
250 178 203
251 66 268
252 187 231
253 22 300
254 11 189
255 104 79
256 191 136
257 180 299
258 8 272
259 32 226
260 2 103
261 9 34
262 103 139
263 104 31
264 115 33
265 160 54
266 98 201
267 91 248
268 194 63
269 173 24
270 114 239
271 124 193
272 182 239
273 176 275
274 154 62
275 38 177
276 118 73
277 192 94
278 120 135
279 189 131
280 15 124
281 85 218
282 179 297
283 74 148
284 6 96
285 52 169
286 15 280
287 55 219
288 166 293
289 81 28
290 108 73
291 15 209
292 109 198
293 96 147
294 97 169
295 37 139
296 50 125
297 145 45
298 22 25
299 39 22
300 156 287
301 56 84
302 144 155
303 57 282
304 117 298
305 194 50
306 44 151
307 0 289
308 157 196
309 33 93
310 39 251
311 170 253
312 123 147
313 35 153
314 106 269
315 142 205
316 77 59
317 114 286
318 53 135
319 51 75
320 27 7
321 91 23
322 191 56
323 50 152
324 199 188
325 134 226
326 81 77
327 87 44
328 135 256
329 12 272
330 156 121
331 160 69
332 49 266
333 104 196
334 42 202
335 175 91
336 195 57
337 184 47
338 81 172
339 148 86
340 41 186
341 75 124
342 128 222
343 21 67
344 170 199
345 8 116
346 105 40
347 142 65
348 106 246
349 103 40
350 114 144
351 69 288
352 54 223
353 20 40
354 160 43
355 139 230
356 79 297
357 36 35
358 152 221
359 178 131
360 77 220
361 136 298
362 106 130
363 43 49
364 145 28
365 185 254
366 195 211
367 60 17
368 3 29
369 165 79
370 92 0
371 56 207
372 101 259
373 1 89
374 93 215
375 59 29
376 19 61
377 23 101
378 126 172
379 43 159
380 81 154
381 40 94
382 88 121
383 94 178
384 128 159
385 155 103
386 75 10
387 139 150
388 33 16
389 88 208
390 10 97
391 180 169
392 26 145
393 9 78
394 61 100
395 132 190
396 97 278
397 0 154
398 188 9
399 0 78
400 1 71
401 85 131
402 57 55
403 68 44
404 65 101
405 51 201
406 6 121
407 130 257
408 141 43
409 52 111
410 156 249
411 24 120
412 123 289
413 146 274
414 135 115
415 3 153
416 122 64
417 187 91
418 149 113
419 5 93
420 20 262
421 111 117
422 177 13
423 189 219
424 92 164
425 2 190
426 21 129
427 70 142
428 36 169
429 150 257
430 118 14
431 3 63
432 107 41
433 81 269
434 170 13
435 53 112
436 94 13
437 103 209
438 42 167
439 178 87
440 37 180
441 92 139
442 41 97
443 119 174
444 89 108
445 142 125
446 8 57
447 55 18
448 153 278
449 81 276
450 17 9
451 98 112
452 65 233
453 96 271
454 199 5
455 71 261
456 44 36
457 6 198
458 108 137
459 168 193
460 48 202
461 13 80
462 33 15
463 59 267
464 47 42
465 72 181
466 180 131
467 50 142
468 165 232
469 69 81
470 132 108
471 48 273
472 165 75
473 10 297
474 133 271
475 111 69
476 4 184
477 160 299
478 166 175
479 118 204
480 153 11
481 153 180
482 132 244
483 107 290
484 95 237
485 88 13
486 168 132
487 101 223
488 8 141
489 89 121
490 176 219
491 170 282
492 175 135
493 20 60
494 176 67
495 95 26
496 33 71
497 123 259
498 65 253
499 197 244
500 56 61
501 61 118
502 93 250
503 197 139
504 65 88
505 1 117
506 191 69
507 111 144
508 2 61
509 164 134
510 130 142
511 95 187
512 10 296
513 161 219
514 44 187
515 133 192
516 166 88
517 93 242
518 34 201
519 161 166
520 43 158
521 122 13
522 105 77
523 130 74
524 17 118
525 12 211
526 186 244
527 106 20
528 73 244
529 191 185
530 65 181
531 71 52
532 53 1
533 94 111
534 69 186
535 65 59
536 100 40
537 149 198
538 46 261
539 45 75
540 154 233
541 144 80
542 82 21
543 162 32
544 165 222
545 146 182
546 1 23
547 4 172
548 110 258
549 125 169
550 149 146
551 3 210
552 123 172
553 194 181
554 71 262
555 129 172
556 41 196
557 125 287
558 147 7
559 108 96
560 74 120
561 131 231
562 163 135
563 63 193
564 90 79
565 86 94
566 143 157
567 105 219
568 26 236
569 21 146
570 128 62
571 102 251
572 86 140
573 77 195
574 16 176
575 164 77
576 191 256
577 164 95
578 10 95
579 31 192
580 57 45
581 38 159
582 57 209
583 57 265
584 78 10
585 113 76
586 118 18
587 171 6
588 11 297
589 58 262
590 2 210
591 126 60
592 168 199
593 151 22
594 143 13
595 71 117
596 13 62
597 84 123
598 125 110
599 2 131
600 62 114
601 8 264
602 165 248
603 106 73
604 21 43
605 125 298
606 170 248
607 168 248
608 90 195
609 125 259
610 72 273
611 41 156
612 179 274
613 80 272
614 101 139
615 146 79
616 49 221
617 84 50
618 138 67
619 137 154
620 173 225
621 131 219
622 168 297
623 191 204
624 66 65
625 90 220
626 132 29
627 11 259
628 57 197
629 56 278
630 126 289
631 39 291
632 78 72
633 115 54
634 174 164
635 146 36
636 150 2
637 159 285
638 155 173
639 196 17
640 61 180
641 29 205
642 129 160
643 96 44
644 37 261
645 61 20
646 160 295
647 190 53
648 198 212
649 29 211
650 24 217
651 144 15
652 5 199
653 42 22
654 156 257
655 102 224
656 120 36
657 111 299
658 97 170
659 40 120
660 170 124
661 50 19
662 186 45
663 103 259
664 81 170
665 0 129
666 43 82
667 87 55
668 137 57
669 186 118
670 120 204
671 28 38
672 157 82
673 130 156
674 75 214
675 95 206
676 51 15
677 85 273
678 126 292
679 150 69
680 92 197
681 175 200
682 193 268
683 35 241
684 41 185
685 49 214
686 45 279
687 59 74
688 86 265
689 41 44
690 132 189
691 89 285
692 115 55
693 70 62
694 171 195
695 29 8
696 83 240
697 70 101
698 52 283
699 170 241
700 1 298
701 121 132
702 193 284
703 137 29
704 90 268
705 118 90
706 67 57
707 18 107
708 113 119
709 149 15
710 16 267
711 183 154
712 163 143
713 100 14
714 129 203
715 160 122
716 43 239
717 130 278
718 177 285
719 160 98
720 76 117
721 178 298
722 88 72
723 200 130
724 147 244
725 144 283
726 92 157
727 67 152
728 122 251
729 39 160
730 160 240
731 78 210
732 142 37
733 4 100
734 55 152
735 143 222
736 160 122
737 138 130
738 51 39
739 36 67
740 78 246
741 184 113
742 127 127
743 161 164
744 11 23
745 173 284
746 196 279
747 197 220
748 168 74
749 42 217
750 97 119
751 24 163
752 97 160
753 87 173
754 44 107
755 86 286
756 197 19
757 104 197
758 138 143
759 0 6
760 53 209
761 161 51
762 56 259
763 9 264
764 168 276
765 163 264
766 39 255
767 141 220
768 63 153
769 170 56
770 176 151
771 98 194
772 114 158
773 51 33
774 58 104
775 143 21
776 93 87
777 106 102
778 136 300
779 164 144
780 144 196
781 1 64
782 47 57
783 99 108
784 35 12
785 52 223
786 130 161
787 18 232
788 28 241
789 200 120
790 54 135
791 19 274
792 102 154
793 181 146
794 33 278
795 69 220
796 3 125
797 172 225
798 93 27
799 66 293
800 45 118
801 24 42
802 95 18
803 145 69
804 126 296
805 4 142
806 173 288
807 161 164
808 109 154
809 81 111
810 69 90
811 182 81
812 53 180
813 151 43
814 10 210
815 60 257
816 125 272
817 7 203
818 69 91
819 57 95
820 21 274
821 155 173
822 143 175
823 27 291
824 101 98
825 186 283
826 89 275
827 133 185
828 0 224
829 91 199
830 147 173
831 167 145
832 162 243
833 33 105
834 81 89
835 145 174
836 196 169
837 4 241
838 191 36
839 189 169
840 96 51
841 192 214
842 181 288
843 126 231
844 81 180
845 13 206
846 140 0
847 77 68
848 44 232
849 169 264
850 34 269
851 69 78
852 57 64
853 133 86
854 114 177
855 40 267
856 101 90
857 114 221
858 71 202
859 170 54
860 94 214
861 35 151
862 25 212
863 54 189
864 15 143
865 53 282
866 189 137
867 70 184
868 190 102
869 137 229
870 49 81
871 68 16
872 157 286
873 149 109
874 98 47
875 160 292
876 131 11
877 41 260
878 145 79
879 59 75
880 97 285
881 41 14
882 60 166
883 119 183
884 93 288
885 127 183
886 98 168
887 147 211
888 156 166
889 1 116
890 136 23
891 163 162
892 3 119
893 176 5
894 126 247
895 192 9
896 116 234
897 198 55
898 120 278
899 177 91
900 137 86
901 23 185
902 90 264
903 59 75
904 116 138
905 186 134
906 0 11
907 168 194
908 56 106
909 175 98
910 62 266
911 109 182
912 164 100
913 103 74
914 55 15
915 91 173
916 188 234
917 50 187
918 123 104
919 59 36
920 41 71
921 161 251
922 46 289
923 130 165
924 51 173
925 38 86
926 16 123
927 145 3
928 46 56
929 51 30
930 163 157
931 108 121
932 31 28
933 45 217
934 38 4
935 71 17
936 108 95
937 170 220
938 57 261
939 68 155
940 140 23
941 128 234
942 137 229
943 33 205
944 35 196
945 144 195
946 176 258
947 150 270
948 185 267
949 25 101
950 171 262
951 197 215
952 67 199
953 147 34
954 12 158
955 123 112
956 47 184
957 97 219
958 39 1
959 104 116
960 117 180
961 121 133
962 191 106
963 180 243
964 144 294
965 161 273
966 183 279
967 73 36
968 78 37
969 5 222
970 6 252
971 62 45
972 161 205
973 141 262
974 80 274
975 41 246
976 191 39
977 49 156
978 180 122
979 174 281
980 129 183
981 104 7
982 55 144
983 48 255
984 179 194
985 145 247
986 178 176
987 63 93
988 82 264
989 77 158
990 81 43
991 119 142
992 49 149
993 99 143
994 185 188
995 1 93
996 161 262
997 170 49
998 147 299
999 162 129
1000 76 210
1001 125 168
1002 44 107
1003 64 167
1004 106 15
1005 158 193
1006 7 133
1007 21 70
1008 170 17
1009 88 204
1010 135 241
1011 135 200
1012 5 26
1013 137 193
1014 86 269
1015 102 186
1016 62 273
1017 65 41
1018 140 25
1019 85 278
1020 68 138
1021 5 91
1022 82 144
1023 133 256
1024 43 45
1025 83 254
1026 146 130
1027 80 161
1028 19 120
1029 85 55
1030 194 21
1031 131 298
1032 134 78
1033 163 81
1034 36 36
1035 77 258
1036 120 62
1037 109 165
1038 31 142
1039 181 100
1040 79 4
1041 25 92
1042 49 95
1043 189 210
1044 158 175
1045 28 79
1046 123 247
1047 34 269
1048 92 189
1049 6 57
1050 50 204
1051 2 202
1052 32 156
1053 106 81
1054 199 260
1055 57 40
1056 130 98
1057 129 81
1058 200 284
1059 40 233
1060 112 175
1061 162 114
1062 151 182
1063 19 179
1064 12 217
1065 130 54
1066 2 248
1067 134 110
1068 28 50
1069 59 127
1070 63 31
1071 70 276
1072 70 84
1073 90 256
1074 98 125
1075 140 209
1076 94 265
1077 10 264
1078 145 190
1079 59 258
1080 47 189
1081 180 163
1082 83 64
1083 100 204
1084 18 184
1085 184 143
1086 200 184
1087 88 105
1088 154 189
1089 81 203
1090 36 188
1091 117 115
1092 153 275
1093 153 71
1094 40 149
1095 68 153
1096 8 216
1097 57 69
1098 94 211
1099 108 172
1100 116 25
1101 31 42
1102 29 65
1103 1 150
1104 102 124
1105 46 106
1106 82 164
1107 58 13
1108 157 91
1109 62 233
1110 149 230
1111 52 239
1112 56 117
1113 95 257
1114 92 251
1115 118 238
1116 96 230
1117 128 248
1118 94 265
1119 188 167
1120 7 174
1121 111 49
1122 177 66
1123 32 54
1124 116 271
1125 168 151
1126 68 22
1127 172 280
1128 83 22
1129 169 50
1130 167 64
1131 156 5
1132 142 147
1133 98 266
1134 163 144
1135 135 84
1136 15 285
1137 162 9
1138 151 44
1139 23 133
1140 100 78
1141 126 159
1142 53 27
1143 68 146
1144 28 170
1145 86 108
1146 63 44
1147 92 51
1148 77 290
1149 131 187
1150 169 50
1151 19 245
1152 176 153
1153 136 96
1154 12 228
1155 144 149
1156 81 231
1157 72 269
1158 183 294
1159 55 179
1160 125 29
1161 1 109
1162 16 137
1163 42 158
1164 52 228
1165 4 204
1166 8 131
1167 88 132
1168 73 218
1169 107 80
1170 64 223
1171 87 236
1172 107 1
1173 13 117
1174 23 267
1175 2 117
1176 28 87
1177 16 156
1178 50 173
1179 29 215
1180 105 35
1181 5 154
1182 138 4
1183 9 257
1184 115 225
1185 123 84
1186 8 257
1187 30 147
1188 70 81
1189 138 194
1190 35 238
1191 130 212
1192 149 239
1193 76 120
1194 174 235
1195 148 243
1196 176 259
1197 37 145
1198 175 184
1199 161 55
1200 158 134
1201 158 191
1202 147 9
1203 156 73
1204 150 270
1205 89 21
1206 100 86
1207 150 103
1208 104 168
1209 113 57
1210 141 246
1211 84 252
1212 158 145
1213 15 47
1214 20 49
1215 82 220
1216 20 118
1217 165 259
1218 17 135
1219 151 219
1220 18 209
1221 120 247
1222 130 209
1223 167 142
1224 6 197
1225 42 45
1226 106 186
1227 35 234
1228 168 48
1229 97 203
1230 1 50
1231 173 88
1232 66 143
1233 17 268
1234 195 218
1235 65 56
1236 7 144
1237 193 131
1238 144 173
1239 80 129
1240 150 193
1241 77 73
1242 85 174
1243 74 28
1244 106 70
1245 32 154
1246 128 17
1247 75 292
1248 82 129
1249 131 166
1250 100 144
1251 87 130
1252 184 146
1253 20 263
1254 42 63
1255 87 244
1256 143 54
1257 65 165
1258 185 252
1259 1 201
1260 18 180
1261 67 102
1262 176 271
1263 174 98
1264 182 59
1265 23 177
1266 129 55
1267 7 191
1268 86 237
1269 75 148
1270 161 290
1271 26 264
1272 184 256
1273 58 300
1274 190 96
1275 162 41
1276 131 94
1277 40 279
1278 192 287
1279 164 153
1280 71 144
1281 164 65
1282 110 19
1283 63 159
1284 199 251
1285 164 197
1286 91 289
1287 63 46
1288 100 24
1289 164 139
1290 157 265
1291 118 18
1292 93 0
1293 30 205
1294 132 30
1295 127 186
1296 53 248
1297 111 151
1298 28 261
1299 44 292
1300 56 294
1301 61 198
1302 165 77
1303 41 45
1304 106 272
1305 27 204
1306 166 126
1307 158 292
1308 87 161
1309 43 188
1310 53 248
1311 82 172
1312 41 106
1313 164 298
1314 64 68
1315 86 174
1316 139 204
1317 0 160
1318 114 112
1319 79 93
1320 13 276
1321 127 134
1322 111 101
1323 59 38
1324 121 222
1325 37 151
1326 118 113
1327 131 60
1328 184 175
1329 85 164
1330 27 158
1331 12 267
1332 98 119
1333 54 194
1334 170 130
1335 42 288
1336 35 83
1337 174 184
1338 7 243
1339 113 2
1340 81 45
1341 36 89
1342 199 165
1343 54 203
1344 123 266
1345 89 44
1346 71 85
1347 151 93
1348 97 286
1349 53 10
1350 183 131
1351 22 121
1352 27 233
1353 152 168
1354 5 26
1355 60 68
1356 82 156
1357 155 102
1358 47 300
1359 143 142
1360 65 274
1361 45 81
1362 118 274
1363 108 185
1364 80 17
1365 133 94
1366 123 66
1367 114 259
1368 51 17
1369 180 264
1370 2 181
1371 157 216
1372 68 21
1373 81 87
1374 162 14
1375 73 298
1376 53 26
1377 46 81
1378 169 292
1379 148 83
1380 191 103
1381 19 149
1382 158 61
1383 151 43
1384 56 256
1385 177 221
1386 126 101
1387 89 24
1388 31 187
1389 196 0
1390 185 70
1391 67 291
1392 48 16
1393 177 199
1394 143 191
1395 36 264
1396 96 30
1397 42 86
1398 67 145
1399 135 82
1400 82 62
1401 90 86
1402 74 119
1403 48 86
1404 45 258
1405 57 66
1406 103 153
1407 61 25
1408 91 88
1409 76 155
1410 29 293
1411 195 98
1412 32 138
1413 148 192
1414 128 127
1415 69 131
1416 73 59
1417 124 81
1418 31 232
1419 25 284
1420 117 114
1421 23 39
1422 21 142
1423 79 40
1424 157 88
1425 164 189
1426 80 132
1427 59 63
1428 17 158
1429 5 252
1430 55 236
1431 189 139
1432 148 79
1433 40 0
1434 123 151
1435 109 90
1436 85 142
1437 195 29
1438 83 290
1439 116 150
1440 31 123
1441 159 227
1442 145 7
1443 109 79
1444 60 177
1445 186 51
1446 76 44
1447 157 237
1448 50 37
1449 73 252
1450 104 297
1451 170 38
1452 123 114
1453 122 122
1454 142 69
1455 138 121
1456 99 86
1457 128 158
1458 161 47
1459 125 75
1460 174 58
1461 153 97
1462 23 106
1463 108 13
1464 142 14
1465 68 252
1466 62 95
1467 6 274
1468 41 267
1469 153 220
1470 142 158
1471 88 184
1472 192 50
1473 102 71
1474 140 173
1475 85 234
1476 59 273
1477 117 244
1478 77 295
1479 128 135
1480 35 269
1481 83 240
1482 32 61
1483 111 5
1484 186 176
1485 174 1
1486 95 131
1487 9 230
1488 29 152
1489 178 219
1490 16 278
1491 74 294
1492 92 55
1493 13 169
1494 167 73
1495 24 193
1496 49 200
1497 56 80
1498 153 21
1499 39 147
1500 -1 -1


